  0 62	1
  0 166	1
  0 199	1
  1 62	1
  1 81	1
  1 182	1
  1 246	1
  1 319	1
  3 57	1
  3 90	1
  3 317	1
  4 57	1
  4 62	1
  4 246	1
  5 131	1
  5 257	1
  8 348	1
  9 73	1
  9 109	1
  10 74	1
  10 185	1
  12 139	1
  14 105	1
  14 210	1
  15 28	1
  17 11	1
  17 35	1
  17 62	1
  17 182	1
  17 230	1
  17 352	1
  18 55	1
  18 131	1
  19 1	1
  19 229	1
  19 246	1
  19 270	1
  20 88	1
  21 148	1
  21 158	1
  21 193	1
  22 2	1
  22 26	1
  22 62	1
  22 90	1
  22 135	1
  22 331	1
  25 170	1
  27 282	1
  28 50	1
  28 91	1
  28 123	1
  28 141	1
  28 174	1
  28 189	1
  30 317	1
  31 272	1
  32 62	1
  32 206	1
  34 57	1
  34 226	1
  35 63	1
  36 122	1
  39 2	1
  39 68	1
  39 90	1
  39 100	1
  39 188	1
  39 263	1
  39 317	1
  39 318	1
  40 57	1
  40 62	3
  40 77	1
  40 81	1
  40 166	1
  40 170	1
  40 246	1
  40 273	1
  41 134	1
  41 233	1
  43 193	1
  45 184	1
  46 249	1
  46 346	1
  47 241	1
  49 306	1
  50 258	1
  50 347	1
  52 197	1
  53 81	1
  53 166	1
  54 47	1
  54 205	1
  54 246	1
  56 81	1
  56 89	1
  56 166	2
  56 180	1
  56 325	1
  57 184	1
  57 338	1
  58 199	1
  60 104	1
  60 233	1
  60 268	1
  61 330	1
  62 349	1
  63 230	1
  64 60	1
  64 113	1
  64 161	1
  64 167	1
  64 304	1
  64 346	1
  66 58	1
  67 146	1
  68 101	1
  68 233	1
  69 91	1
  69 212	1
  69 280	1
  69 333	1
  70 9	1
  70 17	1
  70 62	1
  70 90	1
  71 90	1
  71 263	1
  73 38	1
  73 192	1
  73 241	1
  73 246	1
  76 81	1
  76 215	1
  76 246	1
  76 319	1
  78 36	1
  78 62	1
  78 166	1
  78 182	1
  78 207	1
  80 57	1
  80 78	1
  80 90	1
  80 196	1
  80 241	2
  80 317	1
  82 126	1
  82 222	1
  83 133	2
  83 183	1
  83 184	1
  85 62	1
  85 319	1
  87 97	1
  88 68	1
  88 312	1
  89 233	1
  91 89	1
  91 166	1
  94 353	1
  95 62	2
  95 128	1
  95 166	1
  95 182	2
  95 308	2
  98 191	1
  98 292	1
  98 322	1
  100 12	1
  100 61	1
  100 306	1
  101 0	1
  101 161	1
  101 167	1
  103 252	1
  108 73	1
  109 14	1
  109 57	1
  109 62	1
  109 247	1
  109 327	1
  111 134	1
  112 48	1
  112 62	3
  112 77	1
  112 166	2
  112 182	1
  113 68	2
  113 321	1
  113 350	1
  118 219	1
  118 221	1
  118 333	1
  119 143	1
  119 267	1
  124 71	1
  124 170	1
  124 182	1
  124 207	1
  124 215	1
  124 226	1
  124 246	1
  125 258	1
  125 347	1
  126 199	1
  127 3	1
  128 333	1
  129 218	1
  129 243	1
  129 351	1
  130 211	1
  130 345	1
  131 206	1
  134 2	1
  134 26	1
  134 246	1
  134 270	1
  136 136	1
  138 120	1
  140 62	1
  140 166	1
  140 185	1
  140 188	1
  140 203	1
  140 209	1
  140 246	2
  140 317	1
  140 318	1
  141 62	1
  141 77	1
  141 86	1
  141 274	1
  141 307	1
  141 312	1
  146 200	1
  146 206	1
  146 208	1
  149 68	1
  149 290	1
  150 98	1
  154 5	1
  154 23	1
  154 166	1
  155 169	1
  156 255	1
  156 350	1
  159 62	1
  159 80	1
  159 246	1
  160 88	1
  161 70	1
  162 25	1
  162 219	1
  162 344	1
  164 105	1
  165 62	1
  166 29	1
  166 306	1
  167 73	1
  174 152	1
  175 207	1
  177 95	1
  177 312	1
  178 56	1
  181 28	1
  181 172	1
  181 289	1
  184 81	1
  184 116	1
  184 174	1
  184 273	1
  184 286	1
  187 234	1
  187 330	1
  188 55	1
  190 86	1
  190 104	1
  190 213	1
  192 284	1
  192 315	1
  194 107	1
  194 281	1
  194 309	1
  196 56	1
  196 92	1
  196 116	1
  196 120	1
  196 132	1
  196 141	1
  196 174	1
  196 211	1
  196 280	1
  199 57	1
  199 80	1
  199 162	1
  199 207	1
  201 58	1
  201 112	2
  201 117	1
  201 199	1
  201 210	1
  203 119	1
  203 175	1
  203 189	1
  203 206	1
  203 279	1
  203 302	1
  204 278	1
  206 49	1
  209 43	1
  209 189	1
  209 335	1
  210 44	1
  210 224	1
  210 235	1
  210 269	1
  211 27	1
  212 57	1
  212 103	1
  212 246	1
  213 55	1
  213 115	1
  213 131	2
  213 257	1
  214 202	1
  215 86	1
  215 110	2
  215 246	1
  215 325	1
  215 329	1
  216 35	1
  216 62	1
  216 286	1
  216 305	1
  218 272	1
  219 90	1
  219 214	1
  219 304	1
  219 324	1
  220 28	1
  221 299	1
  222 169	1
  223 275	1
  223 351	1
  227 246	1
  227 352	1
  228 215	1
  230 20	1
  231 75	1
  231 298	1
  232 166	1
  232 170	1
  232 263	1
  234 73	2
  234 129	1
  234 294	1
  235 62	1
  235 77	1
  235 81	1
  235 166	1
  235 182	1
  235 238	1
  236 13	1
  236 67	1
  236 92	1
  236 175	1
  236 279	1
  236 314	1
  236 354	1
  237 28	1
  238 84	1
  238 325	1
  241 123	1
  241 189	1
  241 233	2
  241 289	1
  242 73	1
  243 121	1
  244 158	1
  245 203	1
  246 175	1
  246 189	1
  247 306	1
  248 300	1
  249 346	1
  250 29	1
  250 111	1
  250 216	1
  251 48	2
  251 197	1
  251 226	1
  251 238	1
  251 310	1
  251 352	1
  253 87	1
  255 57	1
  256 78	1
  256 194	1
  256 324	1
  257 299	1
  258 8	1
  258 121	1
  258 137	1
  258 164	1
  258 172	1
  258 205	1
  258 280	1
  259 252	1
  261 162	1
  262 272	1
  264 230	1
  265 51	1
  265 204	1
  266 272	1
  267 287	1
  269 241	1
  271 148	1
  271 218	1
  275 137	1
  276 205	1
  278 205	1
  285 48	1
  285 62	1
  285 226	1
  287 64	1
  288 216	1
  290 164	1
  290 172	1
  290 233	1
  290 342	1
  291 160	2
  291 209	1
  293 57	1
  293 200	1
  293 206	1
  294 111	1
  294 123	1
  295 205	1
  297 249	1
  297 320	1
  298 336	1
  299 79	1
  299 246	1
  300 166	1
  300 238	1
  300 292	1
  301 75	1
  301 298	1
  303 346	1
  304 46	1
  304 61	1
  306 220	1
  310 341	1
  311 216	1
  313 57	1
  313 62	2
  313 90	1
  313 205	1
  313 331	1
  314 166	1
  315 56	1
  315 175	1
  315 278	1
  315 333	1
  316 49	1
  317 59	1
  317 67	1
  317 143	1
  319 62	2
  319 81	2
  319 319	2
  320 172	1
  320 303	1
  321 33	1
  321 51	1
  321 59	1
  321 288	1
  322 110	1
  322 188	2
  322 224	1
  322 231	1
  322 311	1
  322 327	1
  323 233	1
  324 26	1
  324 44	1
  324 62	2
  324 144	1
  324 146	1
  324 206	1
  324 238	1
  324 327	1
  326 159	1
  334 292	1
  335 115	1
  336 48	1
  336 62	1
  336 110	1
  336 136	1
  336 238	1
  338 246	1
  338 273	1
  339 80	1
  339 235	1
  339 313	1
  340 33	1
  340 38	1
  340 60	1
  340 243	1
  341 23	1
  341 346	1
  344 40	1
  344 166	1
  344 226	1
  344 273	1
  344 312	1
  347 62	1
  347 307	1
  348 111	1
  352 42	1
  352 50	1
  353 114	1
  353 120	1
  353 126	1
  353 205	1
  353 233	1
  357 151	1
  357 292	1
  361 111	1
  361 315	1
  361 352	1
  362 225	1
  362 312	1
  363 306	1
  364 15	1
  364 201	1
  365 141	1
  366 41	1
  366 51	1
  366 237	1
  366 266	1
  367 97	1
  367 306	1
  368 62	1
  368 230	1
  368 246	1
  368 273	1
  372 172	1
  374 6	1
  374 89	1
  377 142	1
  377 236	1
  377 345	1
  380 183	1
  381 8	1
  381 15	1
  381 242	1
  383 65	1
  383 239	1
  383 246	1
  383 352	1
  384 72	1
  385 91	1
  385 294	1
  385 342	1
  387 207	1
  390 298	1
  392 5	1
  392 148	1
  392 154	1
  392 156	2
  392 275	1
  392 346	1
  393 271	1
  394 216	1
  395 67	1
  395 143	1
  395 161	1
  395 222	1
  395 243	1
  395 346	1
  397 86	1
  397 166	1
  397 180	2
  397 190	1
  397 226	1
  397 230	1
  397 246	1
  397 277	1
  399 35	1
  399 77	1
  399 124	1
  399 238	1
  399 263	1
  399 286	1
  401 81	1
  403 8	1
  403 171	1
  404 207	2
  405 305	1
  408 329	1
  410 204	1
  410 234	1
  410 279	1
  410 280	1
  410 314	1
  410 328	1
  411 193	1
  413 34	1
  414 4	1
  414 67	1
  414 200	2
  414 208	1
  416 126	1
  419 195	1
  419 238	1
  420 170	1
  421 299	1
  424 11	1
  424 292	1
  424 312	1
  425 80	1
  426 41	1
  426 51	1
  426 237	1
  426 266	1
  427 62	1
  427 77	1
  427 81	2
  427 180	1
  427 182	1
  427 246	1
  427 277	1
  427 292	2
  428 130	1
  428 246	1
  428 263	1
  428 274	1
  431 205	1
  432 229	1
  432 231	1
  432 270	1
  433 62	1
  433 238	1
  433 328	1
  434 36	1
  434 57	1
  434 62	1
  434 88	1
  434 195	1
  434 238	1
  434 327	1
  435 21	1
  437 298	1
  439 44	1
  439 188	1
  439 246	1
  439 292	1
  440 13	1
  440 208	1
  441 266	1
  447 214	1
  451 146	1
  452 120	1
  452 189	1
  452 213	1
  452 221	1
  452 300	1
  452 302	1
  452 315	1
  454 90	1
  455 25	1
  455 344	1
  458 94	1
  458 200	1
  458 206	1
  458 219	1
  458 232	1
  458 256	1
  458 334	1
  458 354	1
  459 35	2
  460 62	1
  461 219	1
  467 116	1
  467 172	1
  468 3	1
  468 23	1
  468 143	1
  468 158	1
  468 167	1
  468 193	2
  470 62	1
  470 77	1
  471 139	1
  474 258	1
  477 206	1
  477 268	1
  478 101	1
  478 125	1
  480 91	1
  480 183	1
  480 197	1
  480 271	1
  481 11	1
  481 292	1
  484 29	1
  484 250	1
  484 293	1
  485 28	1
  485 133	1
  486 77	1
  486 263	1
  489 314	1
  490 192	1
  492 127	1
  493 58	1
  493 186	1
  495 208	1
  496 94	1
  496 152	1
  498 126	1
  498 168	1
  498 219	1
  499 40	1
  499 62	1
  499 83	1
  499 144	1
  499 166	1
  499 226	1
  503 165	1
  504 194	1
  504 241	1
  506 219	1
  508 91	1
  508 118	1
  508 228	1
  508 271	1
  508 303	1
  508 304	1
  511 118	1
  511 140	1
  511 273	1
  512 205	1
  516 183	1
  516 204	1
  516 227	1
  516 252	1
  516 280	1
  517 44	1
  517 57	1
  517 63	1
  517 80	1
  517 317	1
  518 0	1
  518 108	1
  518 147	1
  518 173	1
  518 291	1
  519 234	1
  521 205	1
  524 83	1
  524 246	1
  524 307	1
  525 199	1
  526 34	1
  527 234	1
  529 21	3
  529 175	1
  530 220	1
  530 230	1
  534 272	1
  535 260	1
  541 141	1
  541 347	1
  542 343	1
  543 77	1
  543 180	1
  543 246	1
  543 263	1
  543 269	1
  546 50	1
  546 172	1
  546 333	1
  546 338	1
  548 328	1
  550 97	1
  550 278	1
  550 301	1
  551 6	1
  551 14	1
  551 277	1
  551 352	1
  552 142	1
  552 251	1
  552 303	1
  553 258	1
  554 315	1
  557 314	1
  559 57	1
  559 79	1
  559 246	1
  560 141	1
  561 55	1
  561 115	1
  561 131	1
  563 221	1
  563 353	1
  567 280	1
  569 0	1
  569 60	1
  569 321	1
  569 348	1
  570 3	1
  570 125	1
  570 155	1
  570 185	1
  570 340	1
  571 179	1
  575 52	1
  575 54	1
  575 77	1
  575 190	1
  575 246	2
  575 269	1
  575 332	1
  577 22	1
  577 112	1
  577 164	1
  578 93	1
  578 172	1
  579 226	1
  579 246	1
  580 304	1
  581 23	1
  581 24	1
  582 8	1
  582 104	1
  582 117	1
  582 183	1
  582 221	1
  582 276	1
  583 199	1
  583 280	1
  584 127	1
  585 289	1
  586 116	1
  586 172	1
  587 248	1
  587 325	1
  588 53	1
  588 120	1
  589 34	1
  589 197	1
  593 57	1
  593 198	1
  593 292	1
  594 61	1
  594 111	1
  594 233	1
  594 276	1
  595 340	1
  596 11	1
  598 69	1
  598 252	1
  598 354	1
  600 48	1
  600 77	1
  601 81	1
  601 166	1
  601 253	1
  603 2	1
  603 329	1
  604 44	1
  604 62	1
  604 100	1
  604 206	1
  605 139	1
  607 34	1
  608 159	1
  609 139	1
  610 72	1
  610 148	1
  610 316	1
  610 346	1
  611 99	1
  611 279	1
  615 8	1
  615 114	1
  615 119	1
  615 132	1
  615 175	1
  615 206	1
  615 216	1
  615 262	1
  615 300	1
  617 11	1
  617 151	1
  617 194	1
  617 241	1
  617 261	1
  617 318	1
  617 329	1
  619 27	1
  620 133	1
  620 258	1
  620 294	1
  620 347	1
  623 77	1
  623 81	1
  623 346	2
  625 22	1
  625 111	1
  625 337	1
  626 189	1
  626 254	1
  626 301	1
  627 11	1
  627 62	1
  627 90	1
  627 110	1
  627 185	1
  627 242	1
  628 147	1
  629 116	1
  629 286	1
  629 337	1
  629 349	1
  630 142	1
  630 350	1
  631 81	1
  631 180	1
  631 273	1
  631 332	1
  632 209	1
  633 102	1
  636 166	1
  636 246	1
  637 210	1
  638 138	1
  638 175	1
  638 186	1
  638 286	1
  638 315	1
  641 160	1
  641 226	1
  641 287	1
  643 113	1
  649 183	1
  650 172	1
  650 306	1
  651 54	1
  651 230	1
  652 199	1
  652 276	1
  652 279	1
  657 87	1
  658 105	1
  658 271	1
  658 284	1
  659 181	1
  659 285	1
  660 119	1
  660 121	1
  660 206	1
  660 286	1
  661 62	1
  663 305	1
  664 5	1
  664 260	1
  666 272	1
  667 126	1
  667 168	1
  670 346	1
  673 69	1
  673 256	1
  673 334	1
  674 62	1
  674 82	1
  674 170	1
  674 207	1
  674 246	1
  674 263	1
  674 287	1
  674 346	1
  677 241	1
  677 329	1
  679 272	1
  682 272	2
  683 145	1
  683 212	1
  683 262	1
  683 328	1
  684 45	1
  684 117	1
  684 172	1
  684 278	1
  685 77	1
  685 128	1
  686 5	1
  686 259	1
  687 286	1
  688 66	1
  688 100	1
  688 196	1
  688 198	1
  688 241	2
  688 244	1
  688 246	1
  688 292	1
  691 143	1
  692 101	1
  692 175	1
  692 314	1
  693 48	1
  693 207	1
  693 246	2
  693 292	1
  693 311	1
  693 319	1
  697 11	1
  697 166	1
  698 150	1
  701 172	1
  701 252	1
  701 255	1
  701 280	1
  705 233	1
  706 59	1
  707 0	1
  707 59	1
  707 67	1
  707 143	1
  708 133	1
  709 120	1
  712 333	1
  713 286	1
  714 116	1
  714 189	1
  715 175	1
  715 277	1
  715 278	1
  716 265	1
  716 348	1
  717 27	1
  717 63	1
  717 75	1
  717 280	1
  717 298	1
  718 190	1
  719 38	1
  719 90	1
  719 110	1
  719 194	1
  719 238	2
  719 246	1
  721 54	1
  721 62	1
  721 166	1
  721 230	1
  722 1	1
  722 62	1
  722 90	1
  722 110	1
  722 207	1
  722 241	1
  722 295	1
  722 318	1
  722 331	1
  726 48	1
  726 62	1
  726 166	3
  726 217	1
  726 238	1
  726 292	1
  727 24	1
  727 110	1
  727 166	1
  727 195	2
  727 226	1
  727 246	2
  727 305	1
  727 327	1
  728 210	1
  729 16	1
  729 167	1
  730 272	1
  732 61	1
  732 116	1
  738 106	1
  740 48	1
  740 81	1
  740 166	2
  742 192	1
  743 49	1
  747 111	1
  749 155	1
  749 340	1
  750 126	1
  750 268	1
  750 337	1
  751 47	1
  751 238	1
  751 246	1
  751 263	1
  753 230	1
  753 273	1
  754 24	1
  754 180	1
  754 195	1
  754 263	1
  755 62	1
  755 90	1
  755 245	1
  755 247	1
  755 306	1
  756 90	1
  756 244	1
  757 5	1
  757 312	1
  757 348	1
  764 77	1
  764 223	1
  764 238	1
  764 319	1
  765 12	1
  765 29	1
  765 31	1
  765 107	1
  766 228	1
  768 67	1
  768 72	1
  768 113	1
  768 153	1
  768 193	1
  769 326	1
  770 62	2
  770 81	1
  772 25	1
  772 27	1
  772 63	1
  772 75	1
  772 187	1
  772 298	1
  772 301	1
  772 344	1
  778 10	1
  778 64	1
  778 98	1
  778 246	1
  778 269	1
  778 297	1
  780 58	1
  781 27	1
  783 19	1
  783 71	1
  783 206	1
  783 241	1
  783 317	1
  783 322	1
  784 38	1
  784 346	1
  785 272	1
  786 232	1
  787 25	1
  788 164	1
  790 145	1
  790 181	1
  790 186	1
  790 233	1
  790 264	1
  791 10	2
  791 90	1
  791 151	1
  791 269	1
  791 297	1
  792 90	1
  794 1	1
  794 238	1
  795 149	1
  795 273	1
  798 62	1
  798 90	1
  798 146	1
  798 241	1
  799 62	1
  799 146	1
  799 246	1
  799 263	1
  801 127	1
  802 174	1
  802 204	1
  805 258	1
  805 282	1
  807 159	1
  807 347	1
  808 233	1
  811 137	1
  811 191	1
  811 299	1
  812 30	1
  812 150	1
  812 187	1
  812 218	1
  813 299	1
  814 127	1
  816 13	1
  816 168	1
  816 208	1
  817 233	1
  818 53	1
  818 111	1
  818 121	2
  818 179	1
  818 213	1
  818 303	2
  819 48	1
  819 62	1
  820 44	1
  820 80	1
  820 207	1
  822 238	1
  822 249	1
  822 320	1
  823 292	1
  824 299	1
  826 21	1
  827 164	1
  827 177	1
  827 210	1
  827 310	1
  828 152	1
  828 206	1
  828 227	1
  828 256	1
  832 105	1
  832 141	1
  832 201	1
  834 137	1
  834 174	1
  835 210	1
  835 302	1
  835 336	1
  837 19	1
  837 62	1
  842 47	1
  842 90	1
  842 235	1
  842 263	1
  844 115	1
  848 37	1
  848 46	1
  848 333	1
  848 347	1
  849 62	1
  849 89	1
  849 195	1
  849 205	1
  850 302	1
  851 84	1
  853 50	1
  853 111	1
  853 255	1
  853 264	1
  856 189	1
  857 62	1
  857 166	1
  857 246	1
  857 312	2
  858 94	1
  859 233	1
  859 268	1
  859 299	1
  861 11	1
  861 175	1
  861 278	1
  861 292	1
  863 225	1
  865 77	1
  865 86	1
  865 236	1
  866 233	1
  867 109	1
  867 271	1
  868 17	1
  868 190	1
  869 336	1
  870 155	1
  871 16	1
  879 47	1
  880 206	1
  880 273	1
  881 73	1
  881 91	1
  881 175	1
  881 189	1
  883 146	1
  883 163	1
  883 191	1
  884 114	1
  886 7	1
  886 78	1
  886 80	1
  886 110	1
  886 157	1
  886 226	1
  886 246	1
  886 261	1
  886 295	1
  889 57	1
  895 285	1
  898 166	1
  898 305	1
  901 143	1
  901 150	1
  901 189	1
  901 340	1
  901 346	1
  902 109	1
  904 7	1
  904 241	1
  905 116	1
  905 233	1
  905 240	1
  905 279	1
  906 3	1
  906 30	1
  907 8	1
  907 134	1
  910 200	1
  910 233	1
  910 294	1
  911 62	1
  912 58	1
  912 114	1
  912 221	1
  912 280	1
  916 32	1
  918 81	1
  918 207	1
  918 226	1
  918 232	1
  921 91	1
  921 145	1
  921 212	1
  921 342	1
  922 97	1
  923 27	1
  923 171	1
  923 283	1
  929 57	1
  930 117	1
  931 49	1
  932 246	1
  933 233	1
  935 115	1
  938 333	1
  939 17	1
  939 115	1
  942 183	1
  942 202	1
  944 139	1
  948 215	1
  949 65	1
  949 98	1
  949 122	1
  949 182	1
  949 238	1
  949 246	1
  950 119	1
  950 206	1
  950 353	1
  953 22	2
  953 107	1
  953 137	1
  953 200	1
  954 93	1
  954 284	1
  956 55	1
  956 115	1
  956 131	1
  957 57	1
  957 263	1
  957 322	1
  957 329	1
  958 85	1
  958 194	1
  958 235	1
  958 329	1
  959 233	1
  959 255	1
  959 303	1
  960 175	1
  961 112	1
  961 175	1
  962 65	1
  962 81	1
  962 166	1
  962 246	1
  962 312	1
  963 272	1
  964 9	1
  964 90	1
  965 48	1
  965 62	2
  965 182	1
  965 226	1
  965 246	1
  965 296	1
  965 320	1
  966 166	1
  966 226	1
  966 292	1
  966 332	1
  967 276	1
  969 5	1
  969 346	1
  970 195	1
  970 327	1
  971 175	1
  971 347	1
  972 43	1
  973 286	1
  975 47	1
  975 166	1
  976 62	1
  976 88	1
  978 127	1
  978 152	1
  979 62	1
  979 180	1
  979 217	1
  979 246	2
  979 274	1
  979 292	1
  980 175	1
  980 240	1
  980 300	1
  980 349	1
  981 183	1
  981 350	1
  982 85	1
  982 169	1
  982 188	1
  982 247	1
  983 299	1
  984 19	1
  984 57	1
  985 334	1
  986 292	1
  988 64	1
  989 109	1
  989 172	1
  990 49	1
  991 347	1
  992 35	1
  992 47	1
  992 54	1
  992 74	1
  992 238	1
  992 246	1
  992 332	1
  993 104	1
  993 175	1
  994 47	2
  994 263	2
  995 200	1
  995 252	1
  995 256	1
  996 107	1
  996 121	1
  996 186	1
  997 184	1
  998 153	1
  999 48	1
  999 87	1
  999 170	1
  999 180	1
  999 195	1
  999 225	1
  999 246	1
  999 320	1
  1002 67	1
  1002 150	1
  1004 330	2
  1005 70	1
  1005 206	1
  1006 210	1
  1006 349	1
  1008 287	1
  1010 180	1
  1010 246	2
  1013 299	1
  1014 69	1
  1014 140	1
  1014 165	1
  1014 208	1
  1014 354	1
  1015 302	1
  1017 41	1
  1017 51	1
  1017 59	1
  1017 237	1
  1018 246	1
  1019 301	1
  1020 62	2
  1020 130	1
  1020 166	2
  1020 230	1
  1020 239	1
  1020 263	2
  1020 319	1
  1022 80	1
  1022 203	1
  1023 261	1
  1023 322	1
  1025 206	1
  1025 263	1
  1026 106	1
  1026 177	1
  1026 233	1
  1027 272	2
  1029 141	1
  1029 227	1
  1029 254	1
  1031 121	1
  1032 220	1
  1032 225	1
  1034 51	1
  1034 59	1
  1034 67	1
  1035 283	1
  1037 125	1
  1038 90	2
  1038 157	1
  1038 224	1
  1038 246	2
  1038 322	1
  1039 4	1
  1039 67	1
  1039 161	1
  1039 200	2
  1039 206	1
  1039 256	1
  1039 348	1
  1040 5	1
  1040 67	1
  1040 143	1
  1040 158	1
  1040 227	1
  1040 346	1
  1042 243	1
  1043 34	1
  1043 106	1
  1043 271	1
  1044 96	1
  1044 146	1
  1044 203	1
  1044 317	1
  1045 141	1
  1045 233	1
  1046 127	2
  1048 299	1
  1049 5	1
  1049 156	1
  1049 161	1
  1051 176	1
  1053 310	1
  1054 75	1
  1054 298	1
  1055 181	1
  1055 338	1
  1056 147	1
  1056 156	1
  1057 15	1
  1057 91	1
  1057 251	1
  1058 28	1
  1058 299	1
  1061 15	1
  1061 335	1
  1062 16	1
  1062 33	1
  1062 259	1
  1062 290	1
  1062 316	2
  1062 341	1
  1062 351	1
  1063 20	1
  1064 141	1
  1064 333	1
  1065 77	1
  1065 246	1
  1065 263	1
  1066 13	1
  1066 67	1
  1066 140	1
  1066 165	3
  1066 206	1
  1066 214	1
  1067 233	1
  1067 278	1
  1068 216	1
  1069 141	1
  1069 183	1
  1069 187	1
  1069 202	1
  1069 301	1
  1070 100	1
  1070 292	1
  1072 232	1
  1073 59	1
  1073 153	1
  1073 267	1
  1073 321	1
  1073 346	1
  1074 122	1
  1077 105	1
  1078 139	1
  1079 22	1
  1079 210	1
  1082 61	1
  1082 221	1
  1084 93	1
  1084 335	1
  1087 16	1
  1087 30	1
  1087 155	1
  1087 259	1
  1087 265	1
  1087 291	1
  1087 316	1
  1087 351	1
  1089 256	1
  1090 33	1
  1090 108	1
  1092 195	1
  1093 49	1
  1093 178	1
  1095 192	1
  1098 75	1
  1098 298	1
  1099 177	1
  1099 204	1
  1099 213	1
  1099 252	1
  1099 254	1
  1100 46	1
  1101 78	1
  1101 226	1
  1101 245	1
  1104 141	1
  1104 349	1
  1105 35	1
  1105 130	1
  1105 205	1
  1105 230	1
  1107 206	1
  1109 0	1
  1109 67	1
  1109 351	1
  1110 108	1
  1110 341	1
  1111 27	1
  1111 344	1
  1112 5	1
  1112 72	1
  1113 145	1
  1114 62	2
  1114 124	1
  1114 166	1
  1114 238	1
  1114 273	1
  1114 320	1
  1117 47	1
  1117 54	1
  1117 352	1
  1118 34	1
  1120 37	1
  1120 240	1
  1122 81	1
  1122 82	1
  1126 119	1
  1126 206	1
  1126 212	1
  1126 221	1
  1126 333	1
  1128 58	1
  1128 120	1
  1129 45	1
  1130 62	1
  1131 9	1
  1131 26	1
  1131 74	1
  1131 313	1
  1133 110	1
  1133 238	1
  1133 246	1
  1134 49	1
  1135 115	1
  1136 160	1
  1136 176	1
  1139 276	1
  1140 6	1
  1140 35	1
  1140 52	1
  1140 62	1
  1140 166	1
  1140 180	1
  1140 238	1
  1140 246	3
  1140 273	1
  1141 5	1
  1141 67	1
  1141 158	1
  1141 222	1
  1144 267	1
  1145 190	1
  1145 307	1
  1147 303	1
  1148 62	2
  1148 69	1
  1148 166	1
  1149 100	1
  1149 151	2
  1149 157	1
  1149 246	1
  1149 261	3
  1149 297	1
  1150 94	2
  1150 349	1
  1151 178	1
  1152 52	1
  1152 62	2
  1152 77	2
  1152 81	2
  1152 89	1
  1152 246	2
  1152 352	1
  1154 165	1
  1155 57	1
  1155 62	1
  1155 185	1
  1155 192	1
  1155 241	1
  1156 12	1
  1159 44	1
  1159 83	1
  1159 192	1
  1159 246	1
  1159 263	1
  1162 170	1
  1162 352	1
  1163 62	1
  1163 65	1
  1163 166	1
  1163 246	1
  1165 74	1
  1165 241	1
  1168 74	1
  1168 78	1
  1168 151	1
  1168 169	1
  1168 246	1
  1168 261	1
  1170 164	1
  1171 168	3
  1172 27	1
  1174 195	1
  1174 332	1
  1175 22	1
  1175 46	1
  1175 177	1
  1175 262	1
  1177 175	1
  1177 204	1
  1177 252	1
  1179 19	1
  1179 95	1
  1179 246	2
  1179 263	1
  1179 317	1
  1180 5	1
  1180 143	1
  1180 215	1
  1183 221	1
  1183 236	1
  1184 206	1
  1185 246	1
  1188 113	1
  1188 154	1
  1188 259	1
  1188 351	1
  1191 30	1
  1193 91	1
  1193 236	2
  1194 10	1
  1194 62	3
  1194 68	2
  1194 209	1
  1194 331	1
  1195 59	1
  1195 167	1
  1195 215	1
  1195 290	1
  1195 321	2
  1196 84	1
  1196 246	3
  1196 295	1
  1198 224	1
  1199 80	1
  1199 286	1
  1200 326	1
  1203 165	1
  1205 138	1
  1206 62	2
  1206 65	1
  1206 77	2
  1206 128	1
  1206 182	1
  1208 24	1
  1208 47	1
  1208 195	1
  1208 274	1
  1209 175	1
  1210 47	1
  1210 62	1
  1210 319	1
  1211 62	2
  1211 68	2
  1212 282	1
  1214 121	1
  1214 199	1
  1214 240	1
  1215 212	2
  1215 280	1
  1215 330	1
  1215 338	1
  1219 28	1
  1219 314	1
  1220 45	1
  1220 244	1
  1221 51	1
  1223 63	1
  1223 286	2
  1224 66	1
  1224 194	1
  1226 333	1
  1227 20	1
  1229 233	1
  1231 57	1
  1231 71	1
  1231 136	1
  1231 166	2
  1231 195	1
  1231 246	1
  1231 320	1
  1232 139	1
  1233 94	1
  1233 299	1
  1234 273	1
  1236 299	1
  1238 301	1
  1238 302	1
  1238 335	1
  1240 286	1
  1241 79	1
  1241 80	1
  1241 196	1
  1241 198	1
  1244 184	1
  1245 183	1
  1245 299	1
  1246 11	1
  1246 90	1
  1246 292	1
  1248 1	1
  1248 57	1
  1248 99	1
  1248 188	1
  1248 190	1
  1248 246	2
  1248 317	2
  1255 62	1
  1255 79	1
  1255 100	1
  1255 144	1
  1255 163	1
  1255 196	1
  1255 245	1
  1255 263	1
  1256 33	1
  1256 51	1
  1256 59	1
  1256 288	1
  1259 78	1
  1259 83	1
  1259 217	1
  1259 238	1
  1259 246	2
  1259 261	1
  1260 186	1
  1260 278	1
  1263 21	1
  1263 123	1
  1263 175	1
  1263 258	1
  1263 285	1
  1264 61	1
  1267 125	1
  1270 158	1
  1270 167	1
  1270 316	1
  1271 76	1
  1271 101	1
  1271 315	1
  1271 353	1
  1272 75	1
  1272 121	1
  1272 298	1
  1274 177	1
  1274 233	1
  1275 299	1
  1276 116	1
  1276 172	1
  1277 1	1
  1277 229	1
  1277 246	1
  1277 270	1
  1278 254	1
  1278 284	1
  1280 60	1
  1280 143	1
  1282 182	1
  1282 249	1
  1285 274	1
  1285 319	1
  1286 147	1
  1289 9	1
  1289 110	1
  1289 146	1
  1292 51	1
  1292 283	1
  1292 326	1
  1292 353	1
  1293 42	1
  1293 58	1
  1293 120	1
  1293 233	2
  1294 139	1
  1295 340	1
  1297 32	1
  1297 152	1
  1297 226	1
  1298 37	1
  1298 73	1
  1298 164	1
  1298 251	1
  1300 206	1
  1301 141	1
  1307 175	1
  1307 314	1
  1307 315	1
  1309 229	1
  1309 231	1
  1309 270	1
  1312 185	1
  1312 235	1
  1312 269	1
  1313 172	1
  1314 0	1
  1314 5	1
  1314 33	1
  1314 153	2
  1314 170	1
  1317 39	1
  1317 90	1
  1317 98	1
  1317 203	1
  1317 318	1
  1318 12	1
  1318 286	2
  1321 60	1
  1321 67	1
  1321 148	1
  1321 259	1
  1321 260	1
  1321 290	1
  1322 80	1
  1323 299	1
  1329 47	1
  1329 62	1
  1329 81	1
  1329 87	1
  1329 182	1
  1329 246	1
  1329 292	1
  1329 319	1
  1329 320	1
  1330 47	1
  1330 62	1
  1330 89	1
  1330 98	1
  1330 230	1
  1330 238	1
  1330 246	2
  1330 263	1
  1332 326	1
  1334 261	1
  1335 38	1
  1337 12	1
  1337 73	1
  1337 302	1
  1337 303	1
  1340 207	1
  1341 146	1
  1342 256	1
  1344 57	1
  1347 20	1
  1348 42	1
  1348 141	1
  1348 152	1
  1349 47	1
  1349 325	1
  1352 16	1
  1352 193	1
  1352 197	1
  1352 290	1
  1354 38	1
  1355 191	1
  1355 252	1
  1356 254	1
  1356 347	1
  1359 24	1
  1359 246	1
  1361 67	1
  1361 203	1
  1361 245	1
  1361 246	2
  1361 263	1
  1361 317	1
  1362 118	1
  1363 16	1
  1363 59	1
  1363 60	1
  1363 72	1
  1363 225	1
  1363 260	1
  1363 273	1
  1363 291	1
  1366 45	1
  1366 243	1
  1366 303	1
  1368 195	1
  1370 62	1
  1370 87	2
  1370 182	1
  1372 246	1
  1372 292	1
  1373 84	1
  1373 194	1
  1375 62	1
  1375 89	1
  1375 273	1
  1376 80	1
  1376 85	1
  1376 90	1
  1377 272	1
  1378 292	1
  1379 38	1
  1379 62	1
  1379 206	1
  1385 43	1
  1385 213	1
  1386 35	1
  1386 144	1
  1386 238	1
  1386 332	1
  1386 346	1
  1387 31	1
  1387 191	1
  1393 58	1
  1393 181	1
  1394 13	1
  1394 314	1
  1397 10	1
  1398 101	1
  1398 233	1
  1401 57	1
  1401 79	2
  1401 80	1
  1401 96	1
  1401 110	1
  1401 241	1
  1401 245	1
  1401 317	1
  1401 323	1
  1404 15	1
  1404 37	1
  1404 114	1
  1404 175	1
  1404 338	1
  1406 183	1
  1406 210	1
  1407 0	1
  1407 275	1
  1407 348	1
  1407 351	2
  1408 165	1
  1409 221	1
  1409 271	1
  1409 347	1
  1414 248	1
  1416 137	1
  1416 186	1
  1416 293	1
  1416 338	1
  1417 54	1
  1417 81	1
  1417 86	1
  1417 166	1
  1417 223	1
  1417 246	1
  1417 263	1
  1419 293	1
  1419 299	1
  1420 155	1
  1422 175	1
  1422 186	1
  1422 280	2
  1423 346	1
  1424 311	1
  1425 22	1
  1426 141	1
  1427 22	1
  1427 73	1
  1427 116	1
  1429 159	1
  1430 166	1
  1431 4	1
  1431 167	1
  1432 171	1
  1432 244	1
  1432 309	1
  1432 339	1
  1433 183	1
  1438 227	1
  1439 303	1
  1440 66	1
  1440 151	1
  1440 169	1
  1440 245	2
  1440 246	2
  1441 191	1
  1446 69	1
  1447 133	1
  1449 122	1
  1449 166	1
  1449 238	2
  1449 319	1
  1456 249	1
  1457 286	1
  1458 23	1
  1458 30	1
  1458 173	1
  1458 218	1
  1458 285	1
  1459 62	1
  1459 246	1
  1459 296	1
  1459 305	1
  1459 320	1
  1459 327	1
  1461 244	1
  1465 134	1
  1465 280	1
  1466 78	1
  1466 188	1
  1466 248	1
  1467 122	1
  1470 346	1
  1471 345	1
  1472 46	1
  1474 165	1
  1474 180	1
  1474 256	1
  1475 13	1
  1475 140	1
  1475 301	1
  1476 51	1
  1476 108	1
  1476 267	1
  1476 351	1
  1477 191	1
  1480 172	1
  1480 204	1
  1480 213	1
  1480 254	1
  1480 343	1
  1482 348	1
  1485 210	1
  1485 212	1
  1485 264	1
  1485 283	1
  1485 301	1
  1485 337	1
  1486 299	1
  1487 115	1
  1487 131	1
  1487 257	1
  1488 92	1
  1488 211	1
  1489 81	2
  1489 88	1
  1489 166	1
  1489 174	1
  1489 195	2
  1489 238	2
  1489 314	1
  1489 319	1
  1490 226	1
  1490 272	1
  1492 182	2
  1492 246	2
  1494 111	1
  1494 236	1
  1494 293	1
  1494 339	1
  1495 31	1
  1495 278	1
  1495 289	1
  1496 45	1
  1498 33	1
  1499 319	1
  1500 163	1
  1504 226	1
  1504 247	1
  1504 326	1
  1504 331	1
  1505 181	1
  1505 326	1
  1506 175	3
  1507 189	1
  1507 211	1
  1508 315	1
  1513 75	1
  1513 298	1
  1515 130	2
  1517 45	1
  1523 108	1
  1523 193	1
  1526 67	1
  1526 166	1
  1526 241	1
  1526 286	1
  1527 206	2
  1528 17	1
  1528 155	1
  1529 176	1
  1530 341	1
  1531 104	1
  1531 221	1
  1531 232	1
  1531 251	1
  1531 279	1
  1531 303	1
  1531 309	1
  1535 59	1
  1535 348	1
  1537 43	1
  1537 339	1
  1538 46	1
  1538 132	1
  1542 281	1
  1546 22	1
  1547 91	1
  1547 119	1
  1547 129	1
  1547 206	1
  1549 10	1
  1549 11	1
  1549 47	1
  1549 166	1
  1549 292	1
  1549 320	1
  1550 250	1
  1550 281	1
  1550 302	1
  1552 3	1
  1552 33	2
  1552 316	1
  1553 68	1
  1555 254	1
  1556 52	1
  1556 62	4
  1556 246	1
  1556 263	1
  1556 277	1
  1556 287	1
  1556 296	1
  1556 319	1
  1556 320	1
  1561 113	1
  1561 148	1
  1561 259	1
  1561 340	1
  1562 121	1
  1562 251	1
  1564 4	1
  1564 37	1
  1564 206	1
  1564 256	1
  1564 334	1
  1565 58	1
  1567 33	1
  1571 80	1
  1571 286	1
  1572 120	1
  1576 41	1
  1576 51	1
  1576 237	1
  1577 41	1
  1577 51	1
  1577 237	1
  1579 148	1
  1579 250	1
  1580 42	1
  1580 294	1
  1580 338	1
  1583 281	1
  1584 155	1
  1588 37	1
  1591 39	1
  1593 282	1
  1595 3	1
  1595 68	1
  1595 147	1
  1595 167	1
  1596 73	1
  1596 114	1
  1596 118	1
  1596 201	1
  1596 271	1
  1598 173	1
  1598 200	1
  1598 273	1
  1599 152	1
  1601 221	1
  1602 199	1
  1602 202	1
  1602 216	1
  1602 315	1
  1603 62	1
  1603 77	1
  1603 81	1
  1603 246	1
  1604 48	1
  1604 54	1
  1604 82	1
  1604 149	1
  1604 180	1
  1604 195	1
  1604 246	1
  1604 319	1
  1604 320	1
  1605 257	1
  1607 90	2
  1607 246	1
  1608 29	1
  1608 293	1
  1611 30	1
  1611 193	1
  1612 259	1
  1613 43	1
  1614 278	1
  1614 279	1
  1615 175	1
  1615 201	1
  1615 303	1
  1616 272	1
  1617 254	1
  1618 62	1
  1618 229	1
  1619 55	1
  1619 131	1
  1620 12	1
  1622 107	1
  1622 141	1
  1622 183	2
  1622 204	1
  1622 212	1
  1622 289	1
  1623 272	2
  1626 125	1
  1628 181	1
  1629 292	1
  1629 325	1
  1631 3	1
  1631 67	1
  1631 147	1
  1631 155	1
  1631 351	2
  1633 57	1
  1633 62	1
  1633 102	1
  1633 185	1
  1633 239	1
  1633 245	1
  1633 246	1
  1633 322	1
  1634 4	1
  1634 61	1
  1635 30	1
  1636 125	1
  1636 168	1
  1636 334	1
  1637 89	1
  1638 349	1
  1639 59	2
  1639 154	1
  1640 217	1
  1641 115	1
  1643 48	2
  1643 68	1
  1643 77	2
  1643 81	1
  1643 83	1
  1643 124	1
  1643 246	2
  1643 319	1
  1645 279	1
  1646 272	2
  1648 334	1
  1652 62	1
  1652 77	1
  1652 124	1
  1652 246	2
  1652 249	1
  1652 332	1
  1653 135	1
  1653 295	1
  1655 7	1
  1655 40	1
  1655 188	1
  1655 206	2
  1655 225	1
  1656 125	1
  1657 317	1
  1658 31	1
  1658 111	1
  1658 134	1
  1658 178	1
  1658 221	1
  1658 233	1
  1660 131	1
  1662 343	1
  1663 57	1
  1663 192	1
  1665 146	1
  1665 162	1
  1666 33	1
  1668 109	1
  1669 181	1
  1670 108	1
  1670 275	1
  1671 166	1
  1671 170	1
  1671 246	1
  1671 320	1
  1672 0	1
  1672 16	1
  1672 143	1
  1672 167	1
  1673 105	1
  1673 129	1
  1673 141	1
  1673 191	1
  1674 0	1
  1674 33	1
  1674 67	1
  1674 153	1
  1674 155	1
  1676 15	1
  1676 92	1
  1677 62	2
  1677 82	1
  1677 166	1
  1677 238	1
  1677 346	1
  1678 66	1
  1678 90	1
  1678 241	1
  1680 142	1
  1681 10	1
  1681 44	1
  1681 90	1
  1681 246	1
  1682 299	1
  1683 19	1
  1683 64	1
  1683 79	1
  1683 110	1
  1683 324	1
  1684 286	1
  1685 90	1
  1685 246	1
  1685 292	1
  1685 317	1
  1687 330	1
  1688 142	1
  1688 189	1
  1691 86	1
  1691 166	1
  1691 246	1
  1693 61	1
  1693 118	1
  1693 120	1
  1693 306	1
  1694 5	1
  1694 154	1
  1695 37	1
  1695 111	1
  1695 174	1
  1695 220	1
  1695 221	1
  1695 250	1
  1696 18	1
  1696 102	1
  1697 123	1
  1697 310	1
  1699 61	1
  1699 242	1
  1702 312	1
  1703 339	1
  1706 152	1
  1708 182	2
  1708 314	1
  1709 44	1
  1709 198	1
  1710 76	1
  1710 152	1
  1710 176	1
  1710 218	1
  1711 8	1
  1711 31	1
  1711 145	1
  1711 187	1
  1711 244	1
  1711 289	1
  1711 302	1
  1712 290	1
  1712 348	2
  1713 228	1
  1713 302	1
  1714 67	1
  1715 149	1
  1716 132	1
  1718 62	1
  1719 17	1
  1719 57	1
  1719 263	1
  1719 323	1
  1719 325	1
  1719 331	1
  1720 158	1
  1721 268	1
  1723 217	1
  1723 297	1
  1725 175	1
  1725 262	1
  1725 278	1
  1725 335	1
  1726 210	1
  1728 152	1
  1730 45	1
  1730 174	1
  1730 212	1
  1733 108	1
  1733 148	1
  1733 243	1
  1733 351	1
  1735 62	1
  1735 185	1
  1735 196	1
  1735 226	1
  1735 246	1
  1735 263	1
  1737 67	1
  1737 218	1
  1739 2	1
  1739 62	1
  1739 80	1
  1739 185	1
  1739 246	1
  1739 318	1
  1744 139	1
  1745 246	1
  1746 227	1
  1748 90	1
  1748 206	1
  1748 292	1
  1748 331	1
  1749 129	2
  1750 299	1
  1752 252	3
  1752 280	1
  1753 69	2
  1753 165	1
  1753 214	1
  1753 273	1
  1755 335	1
  1756 315	1
  1757 114	1
  1757 264	1
  1758 299	1
  1759 38	1
  1759 57	1
  1759 62	1
  1759 162	1
  1759 198	1
  1760 272	1
  1762 0	1
  1762 67	1
  1762 266	2
  1762 340	1
  1762 348	1
  1763 166	1
  1763 263	1
  1765 178	1
  1766 2	1
  1766 135	1
  1766 245	1
  1766 295	2
  1769 149	1
  1770 246	1
  1770 248	1
  1770 313	1
  1774 246	1
  1774 314	1
  1775 66	1
  1775 238	1
  1777 133	1
  1781 295	1
  1782 39	1
  1782 90	1
  1782 248	1
  1782 317	1
  1783 50	1
  1783 174	1
  1783 254	1
  1784 99	1
  1784 106	1
  1784 109	1
  1784 137	1
  1784 293	1
  1784 300	1
  1784 349	1
  1785 330	1
  1786 94	1
  1788 229	1
  1788 231	1
  1788 238	1
  1789 62	1
  1789 65	1
  1789 81	1
  1789 128	1
  1789 180	1
  1789 246	1
  1789 253	1
  1789 269	1
  1789 287	1
  1789 327	1
  1790 114	1
  1790 222	1
  1790 312	2
  1791 50	1
  1792 118	1
  1794 192	1
  1796 48	1
  1796 62	3
  1796 166	1
  1796 274	1
  1796 296	1
  1797 6	1
  1797 77	1
  1797 170	1
  1797 246	1
  1797 352	1
  1798 79	1
  1798 313	1
  1798 315	1
  1799 96	1
  1799 241	1
  1799 246	1
  1799 295	1
  1799 317	1
  1800 101	1
  1801 163	1
  1804 61	2
  1804 186	1
  1804 264	1
  1804 299	1
  1804 301	1
  1806 125	1
  1807 108	1
  1807 148	1
  1807 193	1
  1807 290	1
  1808 70	1
  1810 49	1
  1812 81	1
  1813 299	1
  1813 301	1
  1813 304	1
  1814 59	1
  1816 74	1
  1816 224	1
  1817 282	1
  1819 174	1
  1820 2	1
  1820 26	1
  1820 90	1
  1820 163	1
  1820 200	1
  1821 62	1
  1822 261	1
  1826 246	1
  1829 97	1
  1829 175	1
  1829 350	1
  1830 192	1
  1831 35	1
  1831 166	1
  1831 195	1
  1831 230	1
  1831 238	1
  1831 263	1
  1831 346	1
  1832 62	1
  1832 90	2
  1832 188	1
  1832 203	1
  1832 241	1
  1832 246	1
  1835 141	1
  1836 23	1
  1836 103	1
  1837 37	1
  1837 56	1
  1837 145	1
  1837 289	1
  1839 26	1
  1839 203	1
  1840 127	2
  1840 160	1
  1841 166	1
  1841 170	1
  1841 305	1
  1843 121	2
  1843 309	1
  1845 148	1
  1847 38	2
  1847 47	1
  1847 209	1
  1847 295	1
  1847 323	1
  1851 238	1
  1852 82	1
  1852 223	1
  1853 116	1
  1854 44	1
  1854 57	1
  1854 110	1
  1854 185	1
  1854 217	1
  1854 235	1
  1854 246	1
  1854 263	1
  1856 223	1
  1859 112	1
  1859 175	1
  1860 105	1
  1860 349	1
  1861 192	1
  1861 246	1
  1863 81	1
  1865 4	1
  1865 214	1
  1866 253	1
  1868 141	1
  1868 349	1
  1869 68	1
  1869 80	1
  1869 246	1
  1869 295	1
  1870 2	1
  1870 78	1
  1870 90	1
  1870 194	1
  1870 246	2
  1872 121	1
  1872 349	1
  1875 3	1
  1875 67	1
  1875 341	1
  1877 113	1
  1877 222	1
  1877 291	1
  1878 183	1
  1879 330	1
  1881 349	1
  1884 0	1
  1884 173	1
  1884 265	1
  1885 216	1
  1888 81	1
  1888 130	1
  1888 346	1
  1889 57	1
  1889 331	1
  1890 166	1
  1892 138	1
  1892 271	1
  1892 345	1
  1895 204	1
  1895 326	1
  1895 328	1
  1896 166	1
  1897 40	1
  1897 57	1
  1897 247	1
  1897 261	1
  1901 41	1
  1901 237	1
  1902 160	2
  1902 225	1
  1902 263	1
  1904 175	1
  1904 181	1
  1905 47	1
  1905 207	1
  1905 246	1
  1905 263	1
  1905 295	1
  1905 323	1
  1906 207	1
  1907 263	1
  1907 320	1
  1908 41	1
  1908 51	1
  1908 237	1
  1910 253	1
  1912 24	1
  1913 288	1
  1916 219	1
  1916 342	1
  1917 112	1
  1917 121	1
  1917 181	1
  1918 15	1
  1918 31	1
  1918 116	1
  1918 132	2
  1918 258	1
  1919 143	1
  1919 158	1
  1919 328	1
  1921 139	1
  1922 110	1
  1922 157	1
  1923 5	1
  1924 119	1
  1924 206	1
  1924 211	1
  1924 339	1
  1924 353	2
  1925 62	1
  1929 106	1
  1929 310	1
  1930 62	1
  1930 90	1
  1930 135	1
  1930 246	1
  1930 331	1
  1931 244	1
  1933 44	1
  1933 79	1
  1933 185	1
  1933 324	1
  1936 265	1
  1938 238	1
  1939 134	1
  1941 294	1
  1942 67	1
  1942 147	1
  1942 155	1
  1942 259	1
  1942 351	1
  1943 18	1
  1943 102	1
  1944 5	1
  1945 101	1
  1947 285	1
  1948 240	1
  1950 106	1
  1950 228	2
  1950 285	1
  1953 105	1
  1953 184	1
  1954 279	2
  1955 348	1
  1956 280	1
  1958 179	1
  1961 183	1
  1962 27	1
  1964 183	1
  1965 153	1
  1965 266	1
  1965 267	1
  1965 346	1
  1967 47	1
  1968 110	1
  1968 246	1
  1968 269	1
  1968 318	1
  1968 331	1
  1970 20	1
  1970 79	1
  1970 209	1
  1970 235	1
  1970 248	1
  1970 325	1
  1971 120	1
  1971 303	1
  1974 53	1
  1976 211	1
  1977 226	1
  1984 68	1
  1984 194	1
  1986 62	1
  1986 194	1
  1986 229	1
  1987 109	1
  1987 347	1
  1988 170	1
  1988 263	1
  1989 210	1
  1989 212	1
  1990 73	1
  1990 228	1
  1992 317	1
  1995 146	1
  1995 196	1
  1995 241	1
  1998 349	1
  2001 134	1
  2001 171	1
  2002 27	1
  2002 228	2
  2002 242	1
  2002 300	2
  2004 32	1
  2004 115	1
  2006 281	1
  2007 206	1
  2007 215	1
  2007 256	1
  2008 1	1
  2008 80	1
  2008 171	1
  2008 188	1
  2008 206	2
  2008 322	1
  2012 20	1
  2012 309	1
  2013 176	1
  2016 191	1
  2016 350	1
  2017 33	1
  2017 51	1
  2017 59	1
  2017 288	1
  2018 62	1
  2019 62	1
  2019 163	1
  2020 133	1
  2020 278	1
  2020 315	2
  2022 265	1
  2026 62	2
  2028 299	1
  2029 155	1
  2029 173	1
  2029 260	1
  2029 267	1
  2029 348	1
  2032 261	1
  2033 147	1
  2033 283	1
  2034 90	1
  2034 305	1
  2034 326	1
  2036 138	1
  2036 191	1
  2036 251	1
  2037 175	1
  2037 272	1
  2037 326	1
  2038 325	1
  2039 156	1
  2040 117	2
  2040 264	1
  2040 333	2
  2041 108	1
  2041 143	1
  2041 275	1
  2042 31	1
  2042 34	1
  2042 73	1
  2042 201	1
  2042 262	1
  2043 104	1
  2043 299	1
  2047 37	1
  2047 125	1
  2047 301	1
  2047 345	1
  2048 326	1
  2049 39	1
  2049 157	1
  2050 44	1
  2050 79	1
  2050 188	1
  2050 318	1
  2053 7	1
  2053 78	1
  2053 95	1
  2053 241	1
  2053 246	2
  2054 62	1
  2054 313	1
  2056 321	1
  2058 28	1
  2058 197	1
  2059 14	1
  2059 62	1
  2059 241	1
  2060 48	1
  2060 192	1
  2061 220	1
  2061 271	1
  2061 289	1
  2065 268	1
  2067 337	1
  2070 31	1
  2070 164	2
  2071 134	1
  2073 163	1
  2074 62	1
  2074 166	1
  2074 180	2
  2074 246	3
  2075 183	1
  2076 76	1
  2077 62	1
  2077 180	1
  2077 246	1
  2077 292	1
  2078 195	1
  2079 61	1
  2079 117	1
  2079 299	1
  2084 23	1
  2084 143	1
  2085 95	1
  2085 312	1
  2086 77	1
  2086 246	1
  2086 252	1
  2088 350	1
  2090 32	1
  2093 81	1
  2093 192	1
  2093 312	1
  2094 62	1
  2094 166	2
  2094 292	1
  2096 57	1
  2096 64	1
  2096 246	1
  2096 273	1
  2097 259	1
  2101 156	1
  2102 5	1
  2103 67	1
  2103 200	1
  2103 214	2
  2103 354	1
  2104 353	2
  2105 21	1
  2105 120	1
  2105 123	1
  2106 190	1
  2108 18	1
  2108 100	1
  2108 247	1
  2108 263	1
  2109 62	1
  2111 101	1
  2114 0	1
  2114 150	1
  2114 197	1
  2114 351	1
  2115 55	1
  2115 115	1
  2115 131	2
  2115 257	1
  2116 5	1
  2116 155	1
  2117 22	1
  2117 111	1
  2117 159	1
  2117 337	1
  2118 333	1
  2118 352	1
  2121 71	1
  2121 157	1
  2121 322	1
  2122 299	1
  2123 69	1
  2125 61	1
  2125 117	1
  2125 299	1
  2127 72	1
  2128 54	1
  2128 88	1
  2128 180	1
  2128 226	1
  2128 263	1
  2128 292	1
  2128 311	1
  2129 183	1
  2130 272	1
  2131 70	1
  2131 152	1
  2131 200	1
  2131 230	1
  2132 96	1
  2133 145	1
  2133 221	1
  2133 303	1
  2135 14	1
  2135 47	1
  2135 62	1
  2135 79	2
  2135 90	1
  2135 96	1
  2135 146	1
  2135 246	3
  2137 179	1
  2138 165	1
  2138 168	1
  2138 206	1
  2139 311	1
  2140 195	1
  2140 226	1
  2140 246	1
  2140 277	1
  2140 307	1
  2140 319	1
  2141 298	1
  2145 74	1
  2145 90	2
  2145 100	1
  2145 135	1
  2145 245	1
  2145 246	1
  2145 318	1
  2146 57	1
  2147 10	1
  2147 74	1
  2147 207	1
  2147 346	1
  2148 44	1
  2148 224	1
  2149 206	1
  2151 41	1
  2151 51	1
  2151 237	1
  2152 278	1
  2156 343	1
  2157 77	1
  2157 246	1
  2159 240	1
  2161 62	1
  2161 144	1
  2162 18	1
  2162 79	1
  2162 238	1
  2162 269	1
  2163 315	1
  2164 170	1
  2164 339	1
  2166 77	1
  2166 88	1
  2166 207	1
  2166 238	2
  2169 213	1
  2170 7	1
  2170 26	1
  2170 242	1
  2170 246	2
  2170 263	1
  2173 346	1
  2174 138	1
  2175 73	1
  2175 175	1
  2177 12	3
  2178 47	1
  2179 9	1
  2179 74	1
  2179 246	1
  2179 297	2
  2179 322	2
  2180 47	1
  2186 330	1
  2188 189	1
  2189 106	1
  2189 149	1
  2190 57	1
  2190 84	1
  2190 318	1
  2192 38	1
  2192 62	1
  2192 183	1
  2192 192	1
  2192 280	1
  2194 6	1
  2195 35	1
  2195 319	1
  2197 60	1
  2197 273	1
  2198 67	1
  2198 148	1
  2198 351	2
  2201 78	1
  2201 246	1
  2204 299	1
  2206 166	1
  2206 230	1
  2206 287	1
  2206 319	1
  2208 18	1
  2208 102	1
  2209 23	1
  2209 103	1
  2210 141	1
  2215 49	1
  2218 136	1
  2220 101	1
  2221 183	1
  2222 306	1
  2223 299	1
  2224 179	1
  2228 123	1
  2228 134	1
  2228 165	1
  2228 206	2
  2229 312	1
  2231 179	1
  2233 251	1
  2233 338	1
  2233 342	1
  2234 315	1
  2236 258	1
  2236 271	1
  2237 37	1
  2237 255	1
  2239 117	1
  2239 118	1
  2239 233	1
  2241 16	1
  2242 112	1
  2244 40	1
  2244 157	1
  2244 246	1
  2244 261	1
  2244 318	1
  2247 18	1
  2247 47	1
  2247 102	1
  2247 329	1
  2249 1	1
  2250 162	1
  2256 145	1
  2256 220	1
  2256 250	1
  2256 303	1
  2257 62	1
  2257 253	1
  2258 220	1
  2258 353	1
  2259 272	1
  2260 147	1
  2261 192	1
  2261 308	1
  2263 340	1
  2265 267	1
  2266 49	1
  2267 81	1
  2267 87	1
  2267 307	1
  2267 319	1
  2267 327	1
  2269 59	1
  2270 67	1
  2270 143	1
  2271 183	1
  2274 62	1
  2274 317	1
  2275 174	1
  2277 46	1
  2279 81	1
  2279 170	1
  2279 246	1
  2279 319	1
  2280 199	1
  2282 134	1
  2288 100	1
  2290 72	1
  2292 353	1
  2293 141	1
  2293 306	1
  2294 134	1
  2294 139	1
  2296 19	1
  2296 44	2
  2296 57	1
  2297 120	1
  2297 337	1
  2298 47	1
  2298 292	1
  2299 306	1
  2300 59	1
  2300 214	1
  2300 348	1
  2302 186	1
  2303 42	1
  2306 246	1
  2306 269	1
  2306 295	1
  2307 73	1
  2307 164	1
  2308 165	1
  2309 16	1
  2310 51	1
  2310 166	1
  2310 182	2
  2310 226	1
  2310 263	1
  2310 308	1
  2312 2	1
  2312 79	1
  2312 90	1
  2312 185	1
  2312 194	2
  2312 198	1
  2312 318	1
  2313 250	1
  2313 254	1
  2314 136	1
  2314 273	1
  2315 180	1
  2315 182	1
  2315 246	1
  2315 308	1
  2316 44	1
  2316 99	1
  2316 295	1
  2316 317	1
  2317 0	1
  2317 30	1
  2317 108	1
  2317 193	1
  2317 225	1
  2317 243	1
  2317 351	1
  2319 52	1
  2319 246	1
  2321 68	1
  2321 90	1
  2322 18	1
  2322 102	1
  2323 333	1
  2325 116	1
  2326 32	1
  2326 226	1
  2327 199	1
  2328 299	1
  2329 43	1
  2330 43	1
  2330 233	1
  2330 252	1
  2331 23	1
  2331 225	1
  2331 227	1
  2332 199	1
  2334 221	1
  2338 116	1
  2339 36	1
  2339 85	1
  2339 86	1
  2339 246	1
  2340 306	1
  2341 338	1
  2343 51	1
  2343 294	1
  2343 303	1
  2345 62	1
  2345 81	1
  2345 166	1
  2345 230	1
  2345 263	1
  2346 128	1
  2346 239	1
  2346 246	1
  2346 320	1
  2347 77	1
  2349 111	1
  2349 174	1
  2351 57	1
  2351 297	1
  2352 95	1
  2352 146	1
  2354 189	1
  2354 228	1
  2355 5	1
  2355 288	1
  2356 136	1
  2358 39	1
  2359 221	1
  2359 251	1
  2359 299	1
  2361 47	1
  2361 62	1
  2361 241	1
  2361 297	1
  2361 331	1
  2361 337	1
  2364 310	1
  2367 18	1
  2367 62	2
  2367 79	2
  2372 133	1
  2374 62	1
  2374 78	1
  2374 163	1
  2376 124	1
  2376 246	1
  2376 296	1
  2376 319	1
  2376 328	1
  2377 12	1
  2377 240	1
  2377 343	1
  2380 91	1
  2380 116	1
  2380 118	1
  2380 254	1
  2380 349	1
  2380 353	1
  2381 30	1
  2381 259	1
  2382 306	1
  2389 62	1
  2389 83	1
  2389 246	1
  2389 247	1
  2389 318	1
  2391 153	1
  2396 85	2
  2396 100	1
  2396 169	1
  2396 261	1
  2397 62	1
  2397 146	1
  2397 188	1
  2398 53	1
  2398 73	1
  2399 62	1
  2399 241	2
  2399 318	1
  2400 47	1
  2400 130	1
  2400 346	1
  2402 62	2
  2402 203	1
  2402 311	1
  2402 324	1
  2404 51	1
  2404 59	1
  2405 326	1
  2405 336	1
  2406 282	1
  2407 335	1
  2408 218	1
  2409 183	13
  2409 352	1
  2410 114	1
  2411 140	1
  2411 165	1
  2411 168	1
  2414 283	1
  2417 114	1
  2420 56	1
  2422 34	1
  2422 93	1
  2422 121	1
  2423 43	1
  2423 103	1
  2424 171	1
  2424 189	1
  2424 236	1
  2425 47	1
  2425 62	1
  2425 77	1
  2425 81	1
  2425 82	1
  2425 166	1
  2425 180	1
  2425 246	2
  2426 4	1
  2429 60	1
  2429 93	2
  2430 36	1
  2430 318	1
  2432 59	1
  2432 60	1
  2432 68	1
  2432 108	2
  2432 148	1
  2432 218	1
  2432 291	1
  2432 293	1
  2434 235	1
  2435 74	1
  2435 81	1
  2435 166	1
  2435 292	1
  2439 25	1
  2439 75	1
  2439 175	1
  2439 187	1
  2439 278	1
  2439 298	1
  2439 301	1
  2439 344	1
  2441 13	1
  2441 168	1
  2442 62	1
  2442 185	1
  2442 238	1
  2443 15	1
  2443 164	1
  2443 303	1
  2444 23	1
  2444 103	1
  2445 3	1
  2445 33	1
  2445 67	1
  2445 70	1
  2445 108	1
  2445 113	1
  2445 259	1
  2445 290	1
  2445 316	2
  2449 12	2
  2449 201	1
  2449 336	1
  2451 62	2
  2451 223	1
  2451 230	1
  2451 296	1
  2453 131	1
  2453 257	1
  2454 2	1
  2454 86	1
  2454 185	1
  2454 242	1
  2457 183	1
  2460 221	1
  2460 234	1
  2461 76	1
  2464 86	1
  2464 99	1
  2464 246	1
  2466 36	1
  2466 296	1
  2466 352	1
  2468 226	1
  2468 308	1
  2470 190	1
  2473 3	1
  2473 153	1
  2474 14	1
  2474 90	1
  2474 95	1
  2474 203	1
  2474 238	1
  2474 239	1
  2474 246	1
  2474 295	1
  2475 3	1
  2475 67	1
  2475 154	1
  2475 275	1
  2475 348	1
  2477 62	1
  2477 85	1
  2477 229	1
  2477 231	1
  2479 126	1
  2482 62	1
  2482 90	1
  2482 98	1
  2482 241	1
  2482 323	1
  2483 1	1
  2483 90	1
  2483 246	1
  2486 37	1
  2486 53	1
  2486 92	1
  2486 123	1
  2486 202	1
  2486 284	2
  2486 299	1
  2488 306	1
  2489 67	1
  2489 222	1
  2489 265	1
  2489 267	1
  2489 348	3
  2490 9	1
  2490 90	1
  2493 5	1
  2494 202	1
  2494 299	1
  2495 195	1
  2496 139	1
  2497 129	1
  2497 178	1
  2497 251	1
  2497 254	1
  2497 258	1
  2497 301	1
  2497 353	1
  2499 312	1
  2501 346	1
  2502 116	1
  2502 174	1
  2502 175	1
  2504 76	1
  2504 141	1
  2504 199	1
  2504 205	1
  2504 212	1
  2504 220	1
  2505 71	1
  2505 90	1
  2505 190	1
  2506 247	1